 20
Bichom	0.0000	0.5506	0.5618	0.0909	0.5730	0.6092	0.1461	0.5843	0.6250	0.6180	0.5169	0.5618	0.0787	0.6180	0.5227	0.6180	0.5281	0.6250	0.0449	0.0674
Bulu	0.5506	0.0000	0.3300	0.5567	0.5600	0.5204	0.5730	0.5400	0.5354	0.5000	0.1700	0.3400	0.5618	0.5200	0.2062	0.5400	0.2700	0.5455	0.5618	0.5618
Chayangtajo	0.5618	0.3300	0.0000	0.5773	0.6400	0.5918	0.5843	0.6200	0.6061	0.5900	0.2900	0.0100	0.5843	0.6100	0.2577	0.6100	0.1700	0.6061	0.5730	0.5730
Dikhyang	0.0909	0.5567	0.5773	0.0000	0.5567	0.5895	0.1477	0.5670	0.6042	0.5876	0.5361	0.5876	0.0909	0.6082	0.5426	0.6082	0.5361	0.6146	0.1250	0.0682
Duhumbi	0.5730	0.5600	0.6400	0.5567	0.0000	0.2755	0.6292	0.0900	0.2929	0.2700	0.5700	0.6400	0.5843	0.2600	0.5876	0.2800	0.5800	0.2424	0.5843	0.5730
Jerigaon	0.6092	0.5204	0.5918	0.5895	0.2755	0.0000	0.6552	0.2449	0.0619	0.0408	0.5408	0.5918	0.6207	0.0612	0.5684	0.0714	0.5510	0.1031	0.6207	0.6207
Kaspi	0.1461	0.5730	0.5843	0.1477	0.6292	0.6552	0.0000	0.6404	0.6705	0.6629	0.5506	0.5843	0.1011	0.6629	0.5455	0.6629	0.5393	0.6591	0.1461	0.1236
Khispi	0.5843	0.5400	0.6200	0.5670	0.0900	0.2449	0.6404	0.0000	0.2828	0.2500	0.5500	0.6200	0.5955	0.2500	0.5670	0.2700	0.5600	0.2424	0.5955	0.5843
Khoina	0.6250	0.5354	0.6061	0.6042	0.2929	0.0619	0.6705	0.2828	0.0000	0.0505	0.5556	0.6061	0.6364	0.0505	0.5833	0.0606	0.5657	0.1020	0.6364	0.6250
Khoitam	0.6180	0.5000	0.5900	0.5876	0.2700	0.0408	0.6629	0.2500	0.0505	0.0000	0.5200	0.5900	0.6292	0.0400	0.5464	0.0700	0.5300	0.1111	0.6292	0.6292
Kojo_Rojo	0.5169	0.1700	0.2900	0.5361	0.5700	0.5408	0.5506	0.5500	0.5556	0.5200	0.0000	0.3000	0.5506	0.5400	0.1134	0.5600	0.2400	0.5556	0.5281	0.5281
Lasumpatte	0.5618	0.3400	0.0100	0.5876	0.6400	0.5918	0.5843	0.6200	0.6061	0.5900	0.3000	0.0000	0.5843	0.6100	0.2680	0.6100	0.1800	0.6061	0.5730	0.5730
Namphri	0.0787	0.5618	0.5843	0.0909	0.5843	0.6207	0.1011	0.5955	0.6364	0.6292	0.5506	0.5843	0.0000	0.6292	0.5568	0.6292	0.5281	0.6364	0.1236	0.1011
Rahung	0.6180	0.5200	0.6100	0.6082	0.2600	0.0612	0.6629	0.2500	0.0505	0.0400	0.5400	0.6100	0.6292	0.0000	0.5670	0.0400	0.5500	0.0808	0.6292	0.6292
Rawa	0.5227	0.2062	0.2577	0.5426	0.5876	0.5684	0.5455	0.5670	0.5833	0.5464	0.1134	0.2680	0.5568	0.5670	0.0000	0.5876	0.1856	0.5876	0.5341	0.5341
Rupa	0.6180	0.5400	0.6100	0.6082	0.2800	0.0714	0.6629	0.2700	0.0606	0.0700	0.5600	0.6100	0.6292	0.0400	0.5876	0.0000	0.5700	0.0707	0.6292	0.6292
Saria	0.5281	0.2700	0.1700	0.5361	0.5800	0.5510	0.5393	0.5600	0.5657	0.5300	0.2400	0.1800	0.5281	0.5500	0.1856	0.5700	0.0000	0.5657	0.5393	0.5393
Shergaon	0.6250	0.5455	0.6061	0.6146	0.2424	0.1031	0.6591	0.2424	0.1020	0.1111	0.5556	0.6061	0.6364	0.0808	0.5876	0.0707	0.5657	0.0000	0.6364	0.6364
Singchung	0.0449	0.5618	0.5730	0.1250	0.5843	0.6207	0.1461	0.5955	0.6364	0.6292	0.5281	0.5730	0.1236	0.6292	0.5341	0.6292	0.5393	0.6364	0.0000	0.0787
Wangho	0.0674	0.5618	0.5730	0.0682	0.5730	0.6207	0.1236	0.5843	0.6250	0.6292	0.5281	0.5730	0.1011	0.6292	0.5341	0.6292	0.5393	0.6364	0.0787	0.0000
